

100
30
111110000011111000001111100000111110000011111000001111100000
111110000011111000001111100000111110000011111000001111100000
000000000100000001000001000101111111111011111110111110111010
42
000000111111000000111111000000111111000000111111000000111111000000111111000000111111
000000111111000000111111000000111111000000111111000000111111000000111111000000111111
111111111110111111111011111110111110111010000000000001000000000100000001000001000101
12
111000111000111000111000
111000111000111000111000
000001000101111110111010
2
1010
1010
0110
42
111111000000111111000000111111000000111111000000111111000000111111000000111111000000
111111000000111111000000111111000000111111000000111111000000111111000000111111000000
000000000001000000000100000001000001000101111111111110111111111011111110111110111010
2
1010
1010
0110
6
001100110011
001100110011
111010000101
12
000111000111000111000111
000111000111000111000111
111110111010000001000101
30
000001111100000111110000011111000001111100000111110000011111
000001111100000111110000011111000001111100000111110000011111
111111111011111110111110111010000000000100000001000001000101
6
001100110011
001100110011
111010000101
2
1010
1010
0110
2
0101
0101
1001
2
0101
0101
1001
6
110011001100
110011001100
000101111010
2
1010
1010
0110
12
000111000111000111000111
000111000111000111000111
111110111010000001000101
2
0101
0101
1001
6
110011001100
110011001100
000101111010
2
1010
1010
0110
12
111000111000111000111000
111000111000111000111000
000001000101111110111010
6
001100110011
001100110011
111010000101
42
000000111111000000111111000000111111000000111111000000111111000000111111000000111111
000000111111000000111111000000111111000000111111000000111111000000111111000000111111
111111111110111111111011111110111110111010000000000001000000000100000001000001000101
6
110011001100
110011001100
000101111010
30
000001111100000111110000011111000001111100000111110000011111
000001111100000111110000011111000001111100000111110000011111
111111111011111110111110111010000000000100000001000001000101
12
000111000111000111000111
000111000111000111000111
111110111010000001000101
110
1111111111000000000011111111110000000000111111111100000000001111111111000000000011111111110000000000111111111100000000001111111111000000000011111111110000000000111111111100000000001111111111000000000011111111110000000000
1111111111000000000011111111110000000000111111111100000000001111111111000000000011111111110000000000111111111100000000001111111111000000000011111111110000000000111111111100000000001111111111000000000011111111110000000000
0000000000000000000100000000000000000100000000000000010000000000000100000000000100000000010000000100000100010111111111111111111110111111111111111110111111111111111011111111111110111111111110111111111011111110111110111010
30
000001111100000111110000011111000001111100000111110000011111
000001111100000111110000011111000001111100000111110000011111
111111111011111110111110111010000000000100000001000001000101
12
000111000111000111000111
000111000111000111000111
111110111010000001000101
2
1010
1010
0110
56
1111111000000011111110000000111111100000001111111000000011111110000000111111100000001111111000000011111110000000
1111111000000011111110000000111111100000001111111000000011111110000000111111100000001111111000000011111110000000
0000000000000100000000000100000000010000000100000100010111111111111110111111111110111111111011111110111110111010
20
1111000011110000111100001111000011110000
1111000011110000111100001111000011110000
0000000100000100010111111110111110111010
2
0101
0101
1001
12
000111000111000111000111
000111000111000111000111
111110111010000001000101
30
111110000011111000001111100000111110000011111000001111100000
111110000011111000001111100000111110000011111000001111100000
000000000100000001000001000101111111111011111110111110111010
2
1010
1010
0110
12
111000111000111000111000
111000111000111000111000
000001000101111110111010
2
1010
1010
0110
90
000000000111111111000000000111111111000000000111111111000000000111111111000000000111111111000000000111111111000000000111111111000000000111111111000000000111111111000000000111111111
000000000111111111000000000111111111000000000111111111000000000111111111000000000111111111000000000111111111000000000111111111000000000111111111000000000111111111000000000111111111
111111111111111110111111111111111011111111111110111111111110111111111011111110111110111010000000000000000001000000000000000100000000000001000000000001000000000100000001000001000101
2
0101
0101
1001
2
0101
0101
1001
2
1010
1010
0110
6
110011001100
110011001100
000101111010
2
1010
1010
0110
12
000111000111000111000111
000111000111000111000111
111110111010000001000101
6
001100110011
001100110011
111010000101
2
1010
1010
0110
30
000001111100000111110000011111000001111100000111110000011111
000001111100000111110000011111000001111100000111110000011111
111111111011111110111110111010000000000100000001000001000101
12
111000111000111000111000
111000111000111000111000
000001000101111110111010
42
000000111111000000111111000000111111000000111111000000111111000000111111000000111111
000000111111000000111111000000111111000000111111000000111111000000111111000000111111
111111111110111111111011111110111110111010000000000001000000000100000001000001000101
2
1010
1010
0110
12
111000111000111000111000
111000111000111000111000
000001000101111110111010
12
000111000111000111000111
000111000111000111000111
111110111010000001000101
42
111111000000111111000000111111000000111111000000111111000000111111000000111111000000
111111000000111111000000111111000000111111000000111111000000111111000000111111000000
000000000001000000000100000001000001000101111111111110111111111011111110111110111010
2
0101
0101
1001
6
001100110011
001100110011
111010000101
2
0101
0101
1001
2
0101
0101
1001
12
000111000111000111000111
000111000111000111000111
111110111010000001000101
2
1010
1010
0110
56
1111111000000011111110000000111111100000001111111000000011111110000000111111100000001111111000000011111110000000
1111111000000011111110000000111111100000001111111000000011111110000000111111100000001111111000000011111110000000
0000000000000100000000000100000000010000000100000100010111111111111110111111111110111111111011111110111110111010
2
0101
0101
1001
2
0101
0101
1001
6
001100110011
001100110011
111010000101
6
110011001100
110011001100
000101111010
240
111111111111111000000000000000111111111111111000000000000000111111111111111000000000000000111111111111111000000000000000111111111111111000000000000000111111111111111000000000000000111111111111111000000000000000111111111111111000000000000000111111111111111000000000000000111111111111111000000000000000111111111111111000000000000000111111111111111000000000000000111111111111111000000000000000111111111111111000000000000000111111111111111000000000000000111111111111111000000000000000
111111111111111000000000000000111111111111111000000000000000111111111111111000000000000000111111111111111000000000000000111111111111111000000000000000111111111111111000000000000000111111111111111000000000000000111111111111111000000000000000111111111111111000000000000000111111111111111000000000000000111111111111111000000000000000111111111111111000000000000000111111111111111000000000000000111111111111111000000000000000111111111111111000000000000000111111111111111000000000000000
000000000000000000000000000001000000000000000000000000000100000000000000000000000001000000000000000000000001000000000000000000000100000000000000000001000000000000000001000000000000000100000000000001000000000001000000000100000001000001000101111111111111111111111111111110111111111111111111111111111011111111111111111111111110111111111111111111111110111111111111111111111011111111111111111110111111111111111110111111111111111011111111111110111111111110111111111011111110111110111010
12
111000111000111000111000
111000111000111000111000
000001000101111110111010
12
111000111000111000111000
111000111000111000111000
000001000101111110111010
72
000000001111111100000000111111110000000011111111000000001111111100000000111111110000000011111111000000001111111100000000111111110000000011111111
000000001111111100000000111111110000000011111111000000001111111100000000111111110000000011111111000000001111111100000000111111110000000011111111
111111111111111011111111111110111111111110111111111011111110111110111010000000000000000100000000000001000000000001000000000100000001000001000101
56
1111111000000011111110000000111111100000001111111000000011111110000000111111100000001111111000000011111110000000
1111111000000011111110000000111111100000001111111000000011111110000000111111100000001111111000000011111110000000
0000000000000100000000000100000000010000000100000100010111111111111110111111111110111111111011111110111110111010
156
000000000000111111111111000000000000111111111111000000000000111111111111000000000000111111111111000000000000111111111111000000000000111111111111000000000000111111111111000000000000111111111111000000000000111111111111000000000000111111111111000000000000111111111111000000000000111111111111000000000000111111111111
000000000000111111111111000000000000111111111111000000000000111111111111000000000000111111111111000000000000111111111111000000000000111111111111000000000000111111111111000000000000111111111111000000000000111111111111000000000000111111111111000000000000111111111111000000000000111111111111000000000000111111111111
111111111111111111111110111111111111111111111011111111111111111110111111111111111110111111111111111011111111111110111111111110111111111011111110111110111010000000000000000000000001000000000000000000000100000000000000000001000000000000000001000000000000000100000000000001000000000001000000000100000001000001000101
2
1010
1010
0110
6
110011001100
110011001100
000101111010
6
110011001100
110011001100
000101111010
2
1010
1010
0110
2
1010
1010
0110
2
1010
1010
0110
56
0000000111111100000001111111000000011111110000000111111100000001111111000000011111110000000111111100000001111111
0000000111111100000001111111000000011111110000000111111100000001111111000000011111110000000111111100000001111111
1111111111111011111111111011111111101111111011111011101000000000000001000000000001000000000100000001000001000101
12
000111000111000111000111
000111000111000111000111
111110111010000001000101
2
1010
1010
0110
20
0000111100001111000011110000111100001111
0000111100001111000011110000111100001111
1111111011111011101000000001000001000101
20
1111000011110000111100001111000011110000
1111000011110000111100001111000011110000
0000000100000100010111111110111110111010
12
111000111000111000111000
111000111000111000111000
000001000101111110111010
2
0101
0101
1001
30
111110000011111000001111100000111110000011111000001111100000
111110000011111000001111100000111110000011111000001111100000
000000000100000001000001000101111111111011111110111110111010
12
111000111000111000111000
111000111000111000111000
000001000101111110111010
12
111000111000111000111000
111000111000111000111000
000001000101111110111010
56
1111111000000011111110000000111111100000001111111000000011111110000000111111100000001111111000000011111110000000
1111111000000011111110000000111111100000001111111000000011111110000000111111100000001111111000000011111110000000
0000000000000100000000000100000000010000000100000100010111111111111110111111111110111111111011111110111110111010
2
1010
1010
0110
2
0101
0101
1001
2
1010
1010
0110
2
0101
0101
1001
20
1111000011110000111100001111000011110000
1111000011110000111100001111000011110000
0000000100000100010111111110111110111010
6
110011001100
110011001100
000101111010
2
0101
0101
1001
12
000111000111000111000111
000111000111000111000111
111110111010000001000101
20
0000111100001111000011110000111100001111
0000111100001111000011110000111100001111
1111111011111011101000000001000001000101
6
001100110011
001100110011
111010000101
90
111111111000000000111111111000000000111111111000000000111111111000000000111111111000000000111111111000000000111111111000000000111111111000000000111111111000000000111111111000000000
111111111000000000111111111000000000111111111000000000111111111000000000111111111000000000111111111000000000111111111000000000111111111000000000111111111000000000111111111000000000
000000000000000001000000000000000100000000000001000000000001000000000100000001000001000101111111111111111110111111111111111011111111111110111111111110111111111011111110111110111010
42
111111000000111111000000111111000000111111000000111111000000111111000000111111000000
111111000000111111000000111111000000111111000000111111000000111111000000111111000000
000000000001000000000100000001000001000101111111111110111111111011111110111110111010
2
0101
0101
1001
