running 1 tests
test sample 1 ... FAILED

---- sample 1 ----
input:
     1 | 6
     2 | 10 10 -10 -10 -10
     3 | 10 -10 -10 -10
     4 | -10 -10 -10
     5 | 10 -10
     6 | -10

expected output:
     1 | 40

your output:
     1 | [[0, 10, 10, -10, -10, -10], [10, 0, 10, -10, -10, -10], [10, 10, 0, -10, -10, -10], [-10, -10, -10, 0, 10, -10], [-10, -10, -10, 10, 0, -10], [-10, -10, -10, -10, -10, 0]]
     2 | grp 0
     3 | grp 1
     4 | grp 2
     5 | 0 1: 10
     6 | 0 2: 10
     7 | 0 3: -10
     8 | 0 4: -10
     9 | 1 2: 10
    10 | 1 3: -10
    11 | 1 4: -10
    12 | 2 3: -10
    13 | 2 4: -10
    14 | 3 4: 10
    15 | ([0], [], [1, 2, 3, 4, 5])
    16 | pts: -20
    17 | grp 0
    18 | grp 1
    19 | grp 2
    20 | 0 1: 10
    21 | 0 2: 10
    22 | 0 3: -10
    23 | 1 2: 10
    24 | 1 3: -10
    25 | 2 3: -10
    26 | ([0], [5], [1, 2, 3, 4])
    27 | pts: 0
    28 | grp 0
    29 | 0 1: 10
    30 | grp 1
    31 | grp 2
    32 | 0 1: 10
    33 | 0 2: 10
    34 | 0 3: -10
    35 | 1 2: 10
    36 | 1 3: -10
    37 | 2 3: -10
    38 | ([0, 5], [], [1, 2, 3, 4])
    39 | pts: 10
    40 | grp 0
    41 | grp 1
    42 | grp 2
    43 | 0 1: 10
    44 | 0 2: 10
    45 | 0 3: -10
    46 | 1 2: 10
    47 | 1 3: -10
    48 | 2 3: -10
    49 | ([0], [4], [1, 2, 3, 5])
    50 | pts: 0
    51 | grp 0
    52 | grp 1
    53 | 0 1: 10
    54 | grp 2
    55 | 0 1: 10
    56 | 0 2: 10
    57 | 1 2: 10
    58 | ([0], [4, 5], [1, 2, 3])
    59 | pts: 40
    60 | grp 0
    61 | 0 1: 10
    62 | grp 1
    63 | grp 2
    64 | 0 1: 10
    65 | 0 2: 10
    66 | 1 2: 10
    67 | ([0, 5], [4], [1, 2, 3])
    68 | pts: 40
    69 | grp 0
    70 | 0 1: 10
    71 | grp 1
    72 | grp 2
    73 | 0 1: 10
    74 | 0 2: 10
    75 | 0 3: -10
    76 | 1 2: 10
    77 | 1 3: -10
    78 | 2 3: -10
    79 | ([0, 4], [], [1, 2, 3, 5])
    80 | pts: 10
    81 | grp 0
    82 | 0 1: 10
    83 | grp 1
    84 | grp 2
    85 | 0 1: 10
    86 | 0 2: 10
    87 | 1 2: 10
    88 | ([0, 4], [5], [1, 2, 3])
    89 | pts: 40
    90 | grp 0
    91 | 0 1: 10
    92 | 0 2: 10
    93 | 1 2: 10
    94 | grp 1
    95 | grp 2
    96 | 0 1: 10
    97 | 0 2: 10
    98 | 1 2: 10
    99 | ([0, 4, 5], [], [1, 2, 3])
   100 | pts: 60
   101 | grp 0
   102 | grp 1
   103 | grp 2
   104 | 0 1: 10
   105 | 0 2: 10
   106 | 0 3: -10
   107 | 1 2: 10
   108 | 1 3: -10
   109 | 2 3: -10
   110 | ([0], [3], [1, 2, 4, 5])
   111 | pts: 0
   112 | grp 0
   113 | grp 1
   114 | 0 1: 10
   115 | grp 2
   116 | 0 1: 10
   117 | 0 2: 10
   118 | 1 2: 10
   119 | ([0], [3, 5], [1, 2, 4])
   120 | pts: 40
   121 | grp 0
   122 | 0 1: 10
   123 | grp 1
   124 | grp 2
   125 | 0 1: 10
   126 | 0 2: 10
   127 | 1 2: 10
   128 | ([0, 5], [3], [1, 2, 4])
   129 | pts: 40
   130 | grp 0
   131 | grp 1
   132 | 0 1: 10
   133 | grp 2
   134 | 0 1: 10
   135 | 0 2: 10
   136 | 1 2: 10
   137 | ([0], [3, 4], [1, 2, 5])
   138 | pts: 40
   139 | grp 0
   140 | grp 1
   141 | 0 1: 10
   142 | 0 2: 10
   143 | 1 2: 10
   144 | grp 2
   145 | 0 1: 10
   146 | ([0], [3, 4, 5], [1, 2])
   147 | pts: 40
   148 | grp 0
   149 | 0 1: 10
   150 | grp 1
   151 | 0 1: 10
   152 | grp 2
   153 | 0 1: 10
   154 | ([0, 5], [3, 4], [1, 2])
   155 | pts: 30
   156 | grp 0
   157 | 0 1: 10
   158 | grp 1
   159 | grp 2
   160 | 0 1: 10
   161 | 0 2: 10
   162 | 1 2: 10
   163 | ([0, 4], [3], [1, 2, 5])
   164 | pts: 40
   165 | grp 0
   166 | 0 1: 10
   167 | grp 1
   168 | 0 1: 10
   169 | grp 2
   170 | 0 1: 10
   171 | ([0, 4], [3, 5], [1, 2])
   172 | pts: 30
   173 | grp 0
   174 | 0 1: 10
   175 | 0 2: 10
   176 | 1 2: 10
   177 | grp 1
   178 | grp 2
   179 | 0 1: 10
   180 | ([0, 4, 5], [3], [1, 2])
   181 | pts: 40
   182 | grp 0
   183 | 0 1: 10
   184 | grp 1
   185 | grp 2
   186 | 0 1: 10
   187 | 0 2: 10
   188 | 0 3: -10
   189 | 1 2: 10
   190 | 1 3: -10
   191 | 2 3: -10
   192 | ([0, 3], [], [1, 2, 4, 5])
   193 | pts: 10
   194 | grp 0
   195 | 0 1: 10
   196 | grp 1
   197 | grp 2
   198 | 0 1: 10
   199 | 0 2: 10
   200 | 1 2: 10
   201 | ([0, 3], [5], [1, 2, 4])
   202 | pts: 40
   203 | grp 0
   204 | 0 1: 10
   205 | 0 2: 10
   206 | 1 2: 10
   207 | grp 1
   208 | grp 2
   209 | 0 1: 10
   210 | 0 2: 10
   211 | 1 2: 10
   212 | ([0, 3, 5], [], [1, 2, 4])
   213 | pts: 60
   214 | grp 0
   215 | 0 1: 10
   216 | grp 1
   217 | grp 2
   218 | 0 1: 10
   219 | 0 2: 10
   220 | 1 2: 10
   221 | ([0, 3], [4], [1, 2, 5])
   222 | pts: 40
   223 | grp 0
   224 | 0 1: 10
   225 | grp 1
   226 | 0 1: 10
   227 | grp 2
   228 | 0 1: 10
   229 | ([0, 3], [4, 5], [1, 2])
   230 | pts: 30
   231 | grp 0
   232 | 0 1: 10
   233 | 0 2: 10
   234 | 1 2: 10
   235 | grp 1
   236 | grp 2
   237 | 0 1: 10
   238 | ([0, 3, 5], [4], [1, 2])
   239 | pts: 40
   240 | grp 0
   241 | 0 1: 10
   242 | 0 2: 10
   243 | 1 2: 10
   244 | grp 1
   245 | grp 2
   246 | 0 1: 10
   247 | 0 2: 10
   248 | 1 2: 10
   249 | ([0, 3, 4], [], [1, 2, 5])
   250 | pts: 60
   251 | grp 0
   252 | 0 1: 10
   253 | 0 2: 10
   254 | 1 2: 10
   255 | grp 1
   256 | grp 2
   257 | 0 1: 10
   258 | ([0, 3, 4], [5], [1, 2])
   259 | pts: 40
   260 | grp 0
   261 | 0 1: 10
   262 | 0 2: 10
   263 | 0 3: -10
   264 | 1 2: 10
   265 | 1 3: -10
   266 | 2 3: -10
   267 | grp 1
   268 | grp 2
   269 | 0 1: 10
   270 | ([0, 3, 4, 5], [], [1, 2])
   271 | pts: 10
   272 | grp 0
   273 | grp 1
   274 | grp 2
   275 | 0 1: 10
   276 | 0 2: 10
   277 | 0 3: -10
   278 | 1 2: 10
   279 | 1 3: -10
   280 | 2 3: -10
   281 | ([0], [2], [1, 3, 4, 5])
   282 | pts: 0
   283 | grp 0
   284 | grp 1
   285 | 0 1: 10
   286 | grp 2
   287 | 0 1: 10
   288 | 0 2: 10
   289 | 1 2: 10
   290 | ([0], [2, 5], [1, 3, 4])
   291 | pts: 40
   292 | grp 0
   293 | 0 1: 10
   294 | grp 1
   295 | grp 2
   296 | 0 1: 10
   297 | 0 2: 10
   298 | 1 2: 10
   299 | ([0, 5], [2], [1, 3, 4])
   300 | pts: 40
   301 | grp 0
   302 | grp 1
   303 | 0 1: 10
   304 | grp 2
   305 | 0 1: 10
   306 | 0 2: 10
   307 | 1 2: 10
   308 | ([0], [2, 4], [1, 3, 5])
   309 | pts: 40
   310 | grp 0
   311 | grp 1
   312 | 0 1: 10
   313 | 0 2: 10
   314 | 1 2: 10
   315 | grp 2
   316 | 0 1: 10
   317 | ([0], [2, 4, 5], [1, 3])
   318 | pts: 40
   319 | grp 0
   320 | 0 1: 10
   321 | grp 1
   322 | 0 1: 10
   323 | grp 2
   324 | 0 1: 10
   325 | ([0, 5], [2, 4], [1, 3])
   326 | pts: 30
   327 | grp 0
   328 | 0 1: 10
   329 | grp 1
   330 | grp 2
   331 | 0 1: 10
   332 | 0 2: 10
   333 | 1 2: 10
   334 | ([0, 4], [2], [1, 3, 5])
   335 | pts: 40
   336 | grp 0
   337 | 0 1: 10
   338 | grp 1
   339 | 0 1: 10
   340 | grp 2
   341 | 0 1: 10
   342 | ([0, 4], [2, 5], [1, 3])
   343 | pts: 30
   344 | grp 0
   345 | 0 1: 10
   346 | 0 2: 10
   347 | 1 2: 10
   348 | grp 1
   349 | grp 2
   350 | 0 1: 10
   351 | ([0, 4, 5], [2], [1, 3])
   352 | pts: 40
   353 | grp 0
   354 | grp 1
   355 | 0 1: 10
   356 | grp 2
   357 | 0 1: 10
   358 | 0 2: 10
   359 | 1 2: 10
   360 | ([0], [2, 3], [1, 4, 5])
   361 | pts: 40
   362 | grp 0
   363 | grp 1
   364 | 0 1: 10
   365 | 0 2: 10
   366 | 1 2: 10
   367 | grp 2
   368 | 0 1: 10
   369 | ([0], [2, 3, 5], [1, 4])
   370 | pts: 40
   371 | grp 0
   372 | 0 1: 10
   373 | grp 1
   374 | 0 1: 10
   375 | grp 2
   376 | 0 1: 10
   377 | ([0, 5], [2, 3], [1, 4])
   378 | pts: 30
   379 | grp 0
   380 | grp 1
   381 | 0 1: 10
   382 | 0 2: 10
   383 | 1 2: 10
   384 | grp 2
   385 | 0 1: 10
   386 | ([0], [2, 3, 4], [1, 5])
   387 | pts: 40
   388 | grp 0
   389 | grp 1
   390 | 0 1: 10
   391 | 0 2: 10
   392 | 0 3: -10
   393 | 1 2: 10
   394 | 1 3: -10
   395 | 2 3: -10
   396 | grp 2
   397 | ([0], [2, 3, 4, 5], [1])
   398 | pts: 0
   399 | grp 0
   400 | 0 1: 10
   401 | grp 1
   402 | 0 1: 10
   403 | 0 2: 10
   404 | 1 2: 10
   405 | grp 2
   406 | ([0, 5], [2, 3, 4], [1])
   407 | pts: 40
   408 | grp 0
   409 | 0 1: 10
   410 | grp 1
   411 | 0 1: 10
   412 | grp 2
   413 | 0 1: 10
   414 | ([0, 4], [2, 3], [1, 5])
   415 | pts: 30
   416 | grp 0
   417 | 0 1: 10
   418 | grp 1
   419 | 0 1: 10
   420 | 0 2: 10
   421 | 1 2: 10
   422 | grp 2
   423 | ([0, 4], [2, 3, 5], [1])
   424 | pts: 40
   425 | grp 0
   426 | 0 1: 10
   427 | 0 2: 10
   428 | 1 2: 10
   429 | grp 1
   430 | 0 1: 10
   431 | grp 2
   432 | ([0, 4, 5], [2, 3], [1])
   433 | pts: 40
   434 | grp 0
   435 | 0 1: 10
   436 | grp 1
   437 | grp 2
   438 | 0 1: 10
   439 | 0 2: 10
   440 | 1 2: 10
   441 | ([0, 3], [2], [1, 4, 5])
   442 | pts: 40
   443 | grp 0
   444 | 0 1: 10
   445 | grp 1
   446 | 0 1: 10
   447 | grp 2
   448 | 0 1: 10
   449 | ([0, 3], [2, 5], [1, 4])
   450 | pts: 30
   451 | grp 0
   452 | 0 1: 10
   453 | 0 2: 10
   454 | 1 2: 10
   455 | grp 1
   456 | grp 2
   457 | 0 1: 10
   458 | ([0, 3, 5], [2], [1, 4])
   459 | pts: 40
   460 | grp 0
   461 | 0 1: 10
   462 | grp 1
   463 | 0 1: 10
   464 | grp 2
   465 | 0 1: 10
   466 | ([0, 3], [2, 4], [1, 5])
   467 | pts: 30
   468 | grp 0
   469 | 0 1: 10
   470 | grp 1
   471 | 0 1: 10
   472 | 0 2: 10
   473 | 1 2: 10
   474 | grp 2
   475 | ([0, 3], [2, 4, 5], [1])
   476 | pts: 40
   477 | grp 0
   478 | 0 1: 10
   479 | 0 2: 10
   480 | 1 2: 10
   481 | grp 1
   482 | 0 1: 10
   483 | grp 2
   484 | ([0, 3, 5], [2, 4], [1])
   485 | pts: 40
   486 | grp 0
   487 | 0 1: 10
   488 | 0 2: 10
   489 | 1 2: 10
   490 | grp 1
   491 | grp 2
   492 | 0 1: 10
   493 | ([0, 3, 4], [2], [1, 5])
   494 | pts: 40
   495 | grp 0
   496 | 0 1: 10
   497 | 0 2: 10
   498 | 1 2: 10
   499 | grp 1
   500 | 0 1: 10
   501 | grp 2
   502 | ([0, 3, 4], [2, 5], [1])
   503 | pts: 40
   504 | grp 0
   505 | 0 1: 10
   506 | 0 2: 10
   507 | 0 3: -10
   508 | 1 2: 10
   509 | 1 3: -10
   510 | 2 3: -10
   511 | grp 1
   512 | grp 2
   513 | ([0, 3, 4, 5], [2], [1])
   514 | pts: 0
   515 | grp 0
   516 | 0 1: 10
   517 | grp 1
   518 | grp 2
   519 | 0 1: 10
   520 | 0 2: 10
   521 | 0 3: -10
   522 | 1 2: 10
   523 | 1 3: -10
   524 | 2 3: -10
   525 | ([0, 2], [], [1, 3, 4, 5])
   526 | pts: 10
   527 | grp 0
   528 | 0 1: 10
   529 | grp 1
   530 | grp 2
   531 | 0 1: 10
   532 | 0 2: 10
   533 | 1 2: 10
   534 | ([0, 2], [5], [1, 3, 4])
   535 | pts: 40
   536 | grp 0
   537 | 0 1: 10
   538 | 0 2: 10
   539 | 1 2: 10
   540 | grp 1
   541 | grp 2
   542 | 0 1: 10
   543 | 0 2: 10
   544 | 1 2: 10
   545 | ([0, 2, 5], [], [1, 3, 4])
   546 | pts: 60
   547 | grp 0
   548 | 0 1: 10
   549 | grp 1
   550 | grp 2
   551 | 0 1: 10
   552 | 0 2: 10
   553 | 1 2: 10
   554 | ([0, 2], [4], [1, 3, 5])
   555 | pts: 40
   556 | grp 0
   557 | 0 1: 10
   558 | grp 1
   559 | 0 1: 10
   560 | grp 2
   561 | 0 1: 10
   562 | ([0, 2], [4, 5], [1, 3])
   563 | pts: 30
   564 | grp 0
   565 | 0 1: 10
   566 | 0 2: 10
   567 | 1 2: 10
   568 | grp 1
   569 | grp 2
   570 | 0 1: 10
   571 | ([0, 2, 5], [4], [1, 3])
   572 | pts: 40
   573 | grp 0
   574 | 0 1: 10
   575 | 0 2: 10
   576 | 1 2: 10
   577 | grp 1
   578 | grp 2
   579 | 0 1: 10
   580 | 0 2: 10
   581 | 1 2: 10
   582 | ([0, 2, 4], [], [1, 3, 5])
   583 | pts: 60
   584 | grp 0
   585 | 0 1: 10
   586 | 0 2: 10
   587 | 1 2: 10
   588 | grp 1
   589 | grp 2
   590 | 0 1: 10
   591 | ([0, 2, 4], [5], [1, 3])
   592 | pts: 40
   593 | grp 0
   594 | 0 1: 10
   595 | 0 2: 10
   596 | 0 3: -10
   597 | 1 2: 10
   598 | 1 3: -10
   599 | 2 3: -10
   600 | grp 1
   601 | grp 2
   602 | 0 1: 10
   603 | ([0, 2, 4, 5], [], [1, 3])
   604 | pts: 10
   605 | grp 0
   606 | 0 1: 10
   607 | grp 1
   608 | grp 2
   609 | 0 1: 10
   610 | 0 2: 10
   611 | 1 2: 10
   612 | ([0, 2], [3], [1, 4, 5])
   613 | pts: 40
   614 | grp 0
   615 | 0 1: 10
   616 | grp 1
   617 | 0 1: 10
   618 | grp 2
   619 | 0 1: 10
   620 | ([0, 2], [3, 5], [1, 4])
   621 | pts: 30
   622 | grp 0
   623 | 0 1: 10
   624 | 0 2: 10
   625 | 1 2: 10
   626 | grp 1
   627 | grp 2
   628 | 0 1: 10
   629 | ([0, 2, 5], [3], [1, 4])
   630 | pts: 40
   631 | grp 0
   632 | 0 1: 10
   633 | grp 1
   634 | 0 1: 10
   635 | grp 2
   636 | 0 1: 10
   637 | ([0, 2], [3, 4], [1, 5])
   638 | pts: 30
   639 | grp 0
   640 | 0 1: 10
   641 | grp 1
   642 | 0 1: 10
   643 | 0 2: 10
   644 | 1 2: 10
   645 | grp 2
   646 | ([0, 2], [3, 4, 5], [1])
   647 | pts: 40
   648 | grp 0
   649 | 0 1: 10
   650 | 0 2: 10
   651 | 1 2: 10
   652 | grp 1
   653 | 0 1: 10
   654 | grp 2
   655 | ([0, 2, 5], [3, 4], [1])
   656 | pts: 40
   657 | grp 0
   658 | 0 1: 10
   659 | 0 2: 10
   660 | 1 2: 10
   661 | grp 1
   662 | grp 2
   663 | 0 1: 10
   664 | ([0, 2, 4], [3], [1, 5])
   665 | pts: 40
   666 | grp 0
   667 | 0 1: 10
   668 | 0 2: 10
   669 | 1 2: 10
   670 | grp 1
   671 | 0 1: 10
   672 | grp 2
   673 | ([0, 2, 4], [3, 5], [1])
   674 | pts: 40
   675 | grp 0
   676 | 0 1: 10
   677 | 0 2: 10
   678 | 0 3: -10
   679 | 1 2: 10
   680 | 1 3: -10
   681 | 2 3: -10
   682 | grp 1
   683 | grp 2
   684 | ([0, 2, 4, 5], [3], [1])
   685 | pts: 0
   686 | grp 0
   687 | 0 1: 10
   688 | 0 2: 10
   689 | 1 2: 10
   690 | grp 1
   691 | grp 2
   692 | 0 1: 10
   693 | 0 2: 10
   694 | 1 2: 10
   695 | ([0, 2, 3], [], [1, 4, 5])
   696 | pts: 60
   697 | grp 0
   698 | 0 1: 10
   699 | 0 2: 10
   700 | 1 2: 10
   701 | grp 1
   702 | grp 2
   703 | 0 1: 10
   704 | ([0, 2, 3], [5], [1, 4])
   705 | pts: 40
   706 | grp 0
   707 | 0 1: 10
   708 | 0 2: 10
   709 | 0 3: -10
   710 | 1 2: 10
   711 | 1 3: -10
   712 | 2 3: -10
   713 | grp 1
   714 | grp 2
   715 | 0 1: 10
   716 | ([0, 2, 3, 5], [], [1, 4])
   717 | pts: 10
   718 | grp 0
   719 | 0 1: 10
   720 | 0 2: 10
   721 | 1 2: 10
   722 | grp 1
   723 | grp 2
   724 | 0 1: 10
   725 | ([0, 2, 3], [4], [1, 5])
   726 | pts: 40
   727 | grp 0
   728 | 0 1: 10
   729 | 0 2: 10
   730 | 1 2: 10
   731 | grp 1
   732 | 0 1: 10
   733 | grp 2
   734 | ([0, 2, 3], [4, 5], [1])
   735 | pts: 40
   736 | grp 0
   737 | 0 1: 10
   738 | 0 2: 10
   739 | 0 3: -10
   740 | 1 2: 10
   741 | 1 3: -10
   742 | 2 3: -10
   743 | grp 1
   744 | grp 2
   745 | ([0, 2, 3, 5], [4], [1])
   746 | pts: 0
   747 | grp 0
   748 | 0 1: 10
   749 | 0 2: 10
   750 | 0 3: -10
   751 | 1 2: 10
   752 | 1 3: -10
   753 | 2 3: -10
   754 | grp 1
   755 | grp 2
   756 | 0 1: 10
   757 | ([0, 2, 3, 4], [], [1, 5])
   758 | pts: 10
   759 | grp 0
   760 | 0 1: 10
   761 | 0 2: 10
   762 | 0 3: -10
   763 | 1 2: 10
   764 | 1 3: -10
   765 | 2 3: -10
   766 | grp 1
   767 | grp 2
   768 | ([0, 2, 3, 4], [5], [1])
   769 | pts: 0
   770 | grp 0
   771 | 0 1: 10
   772 | 0 2: 10
   773 | 0 3: -10
   774 | 0 4: -10
   775 | 1 2: 10
   776 | 1 3: -10
   777 | 1 4: -10
   778 | 2 3: -10
   779 | 2 4: -10
   780 | 3 4: 10
   781 | grp 1
   782 | grp 2
   783 | ([0, 2, 3, 4, 5], [], [1])
   784 | pts: -20
   785 | grp 0
   786 | grp 1
   787 | grp 2
   788 | 0 1: 10
   789 | 0 2: 10
   790 | 0 3: -10
   791 | 1 2: 10
   792 | 1 3: -10
   793 | 2 3: -10
   794 | ([0], [1], [2, 3, 4, 5])
   795 | pts: 0
   796 | grp 0
   797 | grp 1
   798 | 0 1: 10
   799 | grp 2
   800 | 0 1: 10
   801 | 0 2: 10
   802 | 1 2: 10
   803 | ([0], [1, 5], [2, 3, 4])
   804 | pts: 40
   805 | grp 0
   806 | 0 1: 10
   807 | grp 1
   808 | grp 2
   809 | 0 1: 10
   810 | 0 2: 10
   811 | 1 2: 10
   812 | ([0, 5], [1], [2, 3, 4])
   813 | pts: 40
   814 | grp 0
   815 | grp 1
   816 | 0 1: 10
   817 | grp 2
   818 | 0 1: 10
   819 | 0 2: 10
   820 | 1 2: 10
   821 | ([0], [1, 4], [2, 3, 5])
   822 | pts: 40
   823 | grp 0
   824 | grp 1
   825 | 0 1: 10
   826 | 0 2: 10
   827 | 1 2: 10
   828 | grp 2
   829 | 0 1: 10
   830 | ([0], [1, 4, 5], [2, 3])
   831 | pts: 40
   832 | grp 0
   833 | 0 1: 10
   834 | grp 1
   835 | 0 1: 10
   836 | grp 2
   837 | 0 1: 10
   838 | ([0, 5], [1, 4], [2, 3])
   839 | pts: 30
   840 | grp 0
   841 | 0 1: 10
   842 | grp 1
   843 | grp 2
   844 | 0 1: 10
   845 | 0 2: 10
   846 | 1 2: 10
   847 | ([0, 4], [1], [2, 3, 5])
   848 | pts: 40
   849 | grp 0
   850 | 0 1: 10
   851 | grp 1
   852 | 0 1: 10
   853 | grp 2
   854 | 0 1: 10
   855 | ([0, 4], [1, 5], [2, 3])
   856 | pts: 30
   857 | grp 0
   858 | 0 1: 10
   859 | 0 2: 10
   860 | 1 2: 10
   861 | grp 1
   862 | grp 2
   863 | 0 1: 10
   864 | ([0, 4, 5], [1], [2, 3])
   865 | pts: 40
   866 | grp 0
   867 | grp 1
   868 | 0 1: 10
   869 | grp 2
   870 | 0 1: 10
   871 | 0 2: 10
   872 | 1 2: 10
   873 | ([0], [1, 3], [2, 4, 5])
   874 | pts: 40
   875 | grp 0
   876 | grp 1
   877 | 0 1: 10
   878 | 0 2: 10
   879 | 1 2: 10
   880 | grp 2
   881 | 0 1: 10
   882 | ([0], [1, 3, 5], [2, 4])
   883 | pts: 40
   884 | grp 0
   885 | 0 1: 10
   886 | grp 1
   887 | 0 1: 10
   888 | grp 2
   889 | 0 1: 10
   890 | ([0, 5], [1, 3], [2, 4])
   891 | pts: 30
   892 | grp 0
   893 | grp 1
   894 | 0 1: 10
   895 | 0 2: 10
   896 | 1 2: 10
   897 | grp 2
   898 | 0 1: 10
   899 | ([0], [1, 3, 4], [2, 5])
   900 | pts: 40
   901 | grp 0
   902 | grp 1
   903 | 0 1: 10
   904 | 0 2: 10
   905 | 0 3: -10
   906 | 1 2: 10
   907 | 1 3: -10
   908 | 2 3: -10
   909 | grp 2
   910 | ([0], [1, 3, 4, 5], [2])
   911 | pts: 0
   912 | grp 0
   913 | 0 1: 10
   914 | grp 1
   915 | 0 1: 10
   916 | 0 2: 10
   917 | 1 2: 10
   918 | grp 2
   919 | ([0, 5], [1, 3, 4], [2])
   920 | pts: 40
   921 | grp 0
   922 | 0 1: 10
   923 | grp 1
   924 | 0 1: 10
   925 | grp 2
   926 | 0 1: 10
   927 | ([0, 4], [1, 3], [2, 5])
   928 | pts: 30
   929 | grp 0
   930 | 0 1: 10
   931 | grp 1
   932 | 0 1: 10
   933 | 0 2: 10
   934 | 1 2: 10
   935 | grp 2
   936 | ([0, 4], [1, 3, 5], [2])
   937 | pts: 40
   938 | grp 0
   939 | 0 1: 10
   940 | 0 2: 10
   941 | 1 2: 10
   942 | grp 1
   943 | 0 1: 10
   944 | grp 2
   945 | ([0, 4, 5], [1, 3], [2])
   946 | pts: 40
   947 | grp 0
   948 | 0 1: 10
   949 | grp 1
   950 | grp 2
   951 | 0 1: 10
   952 | 0 2: 10
   953 | 1 2: 10
   954 | ([0, 3], [1], [2, 4, 5])
   955 | pts: 40
   956 | grp 0
   957 | 0 1: 10
   958 | grp 1
   959 | 0 1: 10
   960 | grp 2
   961 | 0 1: 10
   962 | ([0, 3], [1, 5], [2, 4])
   963 | pts: 30
   964 | grp 0
   965 | 0 1: 10
   966 | 0 2: 10
   967 | 1 2: 10
   968 | grp 1
   969 | grp 2
   970 | 0 1: 10
   971 | ([0, 3, 5], [1], [2, 4])
   972 | pts: 40
   973 | grp 0
   974 | 0 1: 10
   975 | grp 1
   976 | 0 1: 10
   977 | grp 2
   978 | 0 1: 10
   979 | ([0, 3], [1, 4], [2, 5])
   980 | pts: 30
   981 | grp 0
   982 | 0 1: 10
   983 | grp 1
   984 | 0 1: 10
   985 | 0 2: 10
   986 | 1 2: 10
   987 | grp 2
   988 | ([0, 3], [1, 4, 5], [2])
   989 | pts: 40
   990 | grp 0
   991 | 0 1: 10
   992 | 0 2: 10
   993 | 1 2: 10
   994 | grp 1
   995 | 0 1: 10
   996 | grp 2
   997 | ([0, 3, 5], [1, 4], [2])
   998 | pts: 40
   999 | grp 0
  1000 | 0 1: 10
  1001 | 0 2: 10
  1002 | 1 2: 10
  1003 | grp 1
  1004 | grp 2
  1005 | 0 1: 10
  1006 | ([0, 3, 4], [1], [2, 5])
  1007 | pts: 40
  1008 | grp 0
  1009 | 0 1: 10
  1010 | 0 2: 10
  1011 | 1 2: 10
  1012 | grp 1
  1013 | 0 1: 10
  1014 | grp 2
  1015 | ([0, 3, 4], [1, 5], [2])
  1016 | pts: 40
  1017 | grp 0
  1018 | 0 1: 10
  1019 | 0 2: 10
  1020 | 0 3: -10
  1021 | 1 2: 10
  1022 | 1 3: -10
  1023 | 2 3: -10
  1024 | grp 1
  1025 | grp 2
  1026 | ([0, 3, 4, 5], [1], [2])
  1027 | pts: 0
  1028 | grp 0
  1029 | grp 1
  1030 | 0 1: 10
  1031 | grp 2
  1032 | 0 1: 10
  1033 | 0 2: 10
  1034 | 1 2: 10
  1035 | ([0], [1, 2], [3, 4, 5])
  1036 | pts: 40
  1037 | grp 0
  1038 | grp 1
  1039 | 0 1: 10
  1040 | 0 2: 10
  1041 | 1 2: 10
  1042 | grp 2
  1043 | 0 1: 10
  1044 | ([0], [1, 2, 5], [3, 4])
  1045 | pts: 40
  1046 | grp 0
  1047 | 0 1: 10
  1048 | grp 1
  1049 | 0 1: 10
  1050 | grp 2
  1051 | 0 1: 10
  1052 | ([0, 5], [1, 2], [3, 4])
  1053 | pts: 30
  1054 | grp 0
  1055 | grp 1
  1056 | 0 1: 10
  1057 | 0 2: 10
  1058 | 1 2: 10
  1059 | grp 2
  1060 | 0 1: 10
  1061 | ([0], [1, 2, 4], [3, 5])
  1062 | pts: 40
  1063 | grp 0
  1064 | grp 1
  1065 | 0 1: 10
  1066 | 0 2: 10
  1067 | 0 3: -10
  1068 | 1 2: 10
  1069 | 1 3: -10
  1070 | 2 3: -10
  1071 | grp 2
  1072 | ([0], [1, 2, 4, 5], [3])
  1073 | pts: 0
  1074 | grp 0
  1075 | 0 1: 10
  1076 | grp 1
  1077 | 0 1: 10
  1078 | 0 2: 10
  1079 | 1 2: 10
  1080 | grp 2
  1081 | ([0, 5], [1, 2, 4], [3])
  1082 | pts: 40
  1083 | grp 0
  1084 | 0 1: 10
  1085 | grp 1
  1086 | 0 1: 10
  1087 | grp 2
  1088 | 0 1: 10
  1089 | ([0, 4], [1, 2], [3, 5])
  1090 | pts: 30
  1091 | grp 0
  1092 | 0 1: 10
  1093 | grp 1
  1094 | 0 1: 10
  1095 | 0 2: 10
  1096 | 1 2: 10
  1097 | grp 2
  1098 | ([0, 4], [1, 2, 5], [3])
  1099 | pts: 40
  1100 | grp 0
  1101 | 0 1: 10
  1102 | 0 2: 10
  1103 | 1 2: 10
  1104 | grp 1
  1105 | 0 1: 10
  1106 | grp 2
  1107 | ([0, 4, 5], [1, 2], [3])
  1108 | pts: 40
  1109 | grp 0
  1110 | grp 1
  1111 | 0 1: 10
  1112 | 0 2: 10
  1113 | 1 2: 10
  1114 | grp 2
  1115 | 0 1: 10
  1116 | ([0], [1, 2, 3], [4, 5])
  1117 | pts: 40
  1118 | grp 0
  1119 | grp 1
  1120 | 0 1: 10
  1121 | 0 2: 10
  1122 | 0 3: -10
  1123 | 1 2: 10
  1124 | 1 3: -10
  1125 | 2 3: -10
  1126 | grp 2
  1127 | ([0], [1, 2, 3, 5], [4])
  1128 | pts: 0
  1129 | grp 0
  1130 | 0 1: 10
  1131 | grp 1
  1132 | 0 1: 10
  1133 | 0 2: 10
  1134 | 1 2: 10
  1135 | grp 2
  1136 | ([0, 5], [1, 2, 3], [4])
  1137 | pts: 40
  1138 | grp 0
  1139 | grp 1
  1140 | 0 1: 10
  1141 | 0 2: 10
  1142 | 0 3: -10
  1143 | 1 2: 10
  1144 | 1 3: -10
  1145 | 2 3: -10
  1146 | grp 2
  1147 | ([0], [1, 2, 3, 4], [5])
  1148 | pts: 0
  1149 | grp 0
  1150 | grp 1
  1151 | 0 1: 10
  1152 | 0 2: 10
  1153 | 0 3: -10
  1154 | 0 4: -10
  1155 | 1 2: 10
  1156 | 1 3: -10
  1157 | 1 4: -10
  1158 | 2 3: -10
  1159 | 2 4: -10
  1160 | 3 4: 10
  1161 | grp 2
  1162 | ([0], [1, 2, 3, 4, 5], [])
  1163 | pts: -20
  1164 | grp 0
  1165 | 0 1: 10
  1166 | grp 1
  1167 | 0 1: 10
  1168 | 0 2: 10
  1169 | 0 3: -10
  1170 | 1 2: 10
  1171 | 1 3: -10
  1172 | 2 3: -10
  1173 | grp 2
  1174 | ([0, 5], [1, 2, 3, 4], [])
  1175 | pts: 10
  1176 | grp 0
  1177 | 0 1: 10
  1178 | grp 1
  1179 | 0 1: 10
  1180 | 0 2: 10
  1181 | 1 2: 10
  1182 | grp 2
  1183 | ([0, 4], [1, 2, 3], [5])
  1184 | pts: 40
  1185 | grp 0
  1186 | 0 1: 10
  1187 | grp 1
  1188 | 0 1: 10
  1189 | 0 2: 10
  1190 | 0 3: -10
  1191 | 1 2: 10
  1192 | 1 3: -10
  1193 | 2 3: -10
  1194 | grp 2
  1195 | ([0, 4], [1, 2, 3, 5], [])
  1196 | pts: 10
  1197 | grp 0
  1198 | 0 1: 10
  1199 | 0 2: 10
  1200 | 1 2: 10
  1201 | grp 1
  1202 | 0 1: 10
  1203 | 0 2: 10
  1204 | 1 2: 10
  1205 | grp 2
  1206 | ([0, 4, 5], [1, 2, 3], [])
  1207 | pts: 60
  1208 | grp 0
  1209 | 0 1: 10
  1210 | grp 1
  1211 | 0 1: 10
  1212 | grp 2
  1213 | 0 1: 10
  1214 | ([0, 3], [1, 2], [4, 5])
  1215 | pts: 30
  1216 | grp 0
  1217 | 0 1: 10
  1218 | grp 1
  1219 | 0 1: 10
  1220 | 0 2: 10
  1221 | 1 2: 10
  1222 | grp 2
  1223 | ([0, 3], [1, 2, 5], [4])
  1224 | pts: 40
  1225 | grp 0
  1226 | 0 1: 10
  1227 | 0 2: 10
  1228 | 1 2: 10
  1229 | grp 1
  1230 | 0 1: 10
  1231 | grp 2
  1232 | ([0, 3, 5], [1, 2], [4])
  1233 | pts: 40
  1234 | grp 0
  1235 | 0 1: 10
  1236 | grp 1
  1237 | 0 1: 10
  1238 | 0 2: 10
  1239 | 1 2: 10
  1240 | grp 2
  1241 | ([0, 3], [1, 2, 4], [5])
  1242 | pts: 40
  1243 | grp 0
  1244 | 0 1: 10
  1245 | grp 1
  1246 | 0 1: 10
  1247 | 0 2: 10
  1248 | 0 3: -10
  1249 | 1 2: 10
  1250 | 1 3: -10
  1251 | 2 3: -10
  1252 | grp 2
  1253 | ([0, 3], [1, 2, 4, 5], [])
  1254 | pts: 10
  1255 | grp 0
  1256 | 0 1: 10
  1257 | 0 2: 10
  1258 | 1 2: 10
  1259 | grp 1
  1260 | 0 1: 10
  1261 | 0 2: 10
  1262 | 1 2: 10
  1263 | grp 2
  1264 | ([0, 3, 5], [1, 2, 4], [])
  1265 | pts: 60
  1266 | grp 0
  1267 | 0 1: 10
  1268 | 0 2: 10
  1269 | 1 2: 10
  1270 | grp 1
  1271 | 0 1: 10
  1272 | grp 2
  1273 | ([0, 3, 4], [1, 2], [5])
  1274 | pts: 40
  1275 | grp 0
  1276 | 0 1: 10
  1277 | 0 2: 10
  1278 | 1 2: 10
  1279 | grp 1
  1280 | 0 1: 10
  1281 | 0 2: 10
  1282 | 1 2: 10
  1283 | grp 2
  1284 | ([0, 3, 4], [1, 2, 5], [])
  1285 | pts: 60
  1286 | grp 0
  1287 | 0 1: 10
  1288 | 0 2: 10
  1289 | 0 3: -10
  1290 | 1 2: 10
  1291 | 1 3: -10
  1292 | 2 3: -10
  1293 | grp 1
  1294 | 0 1: 10
  1295 | grp 2
  1296 | ([0, 3, 4, 5], [1, 2], [])
  1297 | pts: 10
  1298 | grp 0
  1299 | 0 1: 10
  1300 | grp 1
  1301 | grp 2
  1302 | 0 1: 10
  1303 | 0 2: 10
  1304 | 1 2: 10
  1305 | ([0, 2], [1], [3, 4, 5])
  1306 | pts: 40
  1307 | grp 0
  1308 | 0 1: 10
  1309 | grp 1
  1310 | 0 1: 10
  1311 | grp 2
  1312 | 0 1: 10
  1313 | ([0, 2], [1, 5], [3, 4])
  1314 | pts: 30
  1315 | grp 0
  1316 | 0 1: 10
  1317 | 0 2: 10
  1318 | 1 2: 10
  1319 | grp 1
  1320 | grp 2
  1321 | 0 1: 10
  1322 | ([0, 2, 5], [1], [3, 4])
  1323 | pts: 40
  1324 | grp 0
  1325 | 0 1: 10
  1326 | grp 1
  1327 | 0 1: 10
  1328 | grp 2
  1329 | 0 1: 10
  1330 | ([0, 2], [1, 4], [3, 5])
  1331 | pts: 30
  1332 | grp 0
  1333 | 0 1: 10
  1334 | grp 1
  1335 | 0 1: 10
  1336 | 0 2: 10
  1337 | 1 2: 10
  1338 | grp 2
  1339 | ([0, 2], [1, 4, 5], [3])
  1340 | pts: 40
  1341 | grp 0
  1342 | 0 1: 10
  1343 | 0 2: 10
  1344 | 1 2: 10
  1345 | grp 1
  1346 | 0 1: 10
  1347 | grp 2
  1348 | ([0, 2, 5], [1, 4], [3])
  1349 | pts: 40
  1350 | grp 0
  1351 | 0 1: 10
  1352 | 0 2: 10
  1353 | 1 2: 10
  1354 | grp 1
  1355 | grp 2
  1356 | 0 1: 10
  1357 | ([0, 2, 4], [1], [3, 5])
  1358 | pts: 40
  1359 | grp 0
  1360 | 0 1: 10
  1361 | 0 2: 10
  1362 | 1 2: 10
  1363 | grp 1
  1364 | 0 1: 10
  1365 | grp 2
  1366 | ([0, 2, 4], [1, 5], [3])
  1367 | pts: 40
  1368 | grp 0
  1369 | 0 1: 10
  1370 | 0 2: 10
  1371 | 0 3: -10
  1372 | 1 2: 10
  1373 | 1 3: -10
  1374 | 2 3: -10
  1375 | grp 1
  1376 | grp 2
  1377 | ([0, 2, 4, 5], [1], [3])
  1378 | pts: 0
  1379 | grp 0
  1380 | 0 1: 10
  1381 | grp 1
  1382 | 0 1: 10
  1383 | grp 2
  1384 | 0 1: 10
  1385 | ([0, 2], [1, 3], [4, 5])
  1386 | pts: 30
  1387 | grp 0
  1388 | 0 1: 10
  1389 | grp 1
  1390 | 0 1: 10
  1391 | 0 2: 10
  1392 | 1 2: 10
  1393 | grp 2
  1394 | ([0, 2], [1, 3, 5], [4])
  1395 | pts: 40
  1396 | grp 0
  1397 | 0 1: 10
  1398 | 0 2: 10
  1399 | 1 2: 10
  1400 | grp 1
  1401 | 0 1: 10
  1402 | grp 2
  1403 | ([0, 2, 5], [1, 3], [4])
  1404 | pts: 40
  1405 | grp 0
  1406 | 0 1: 10
  1407 | grp 1
  1408 | 0 1: 10
  1409 | 0 2: 10
  1410 | 1 2: 10
  1411 | grp 2
  1412 | ([0, 2], [1, 3, 4], [5])
  1413 | pts: 40
  1414 | grp 0
  1415 | 0 1: 10
  1416 | grp 1
  1417 | 0 1: 10
  1418 | 0 2: 10
  1419 | 0 3: -10
  1420 | 1 2: 10
  1421 | 1 3: -10
  1422 | 2 3: -10
  1423 | grp 2
  1424 | ([0, 2], [1, 3, 4, 5], [])
  1425 | pts: 10
  1426 | grp 0
  1427 | 0 1: 10
  1428 | 0 2: 10
  1429 | 1 2: 10
  1430 | grp 1
  1431 | 0 1: 10
  1432 | 0 2: 10
  1433 | 1 2: 10
  1434 | grp 2
  1435 | ([0, 2, 5], [1, 3, 4], [])
  1436 | pts: 60
  1437 | grp 0
  1438 | 0 1: 10
  1439 | 0 2: 10
  1440 | 1 2: 10
  1441 | grp 1
  1442 | 0 1: 10
  1443 | grp 2
  1444 | ([0, 2, 4], [1, 3], [5])
  1445 | pts: 40
  1446 | grp 0
  1447 | 0 1: 10
  1448 | 0 2: 10
  1449 | 1 2: 10
  1450 | grp 1
  1451 | 0 1: 10
  1452 | 0 2: 10
  1453 | 1 2: 10
  1454 | grp 2
  1455 | ([0, 2, 4], [1, 3, 5], [])
  1456 | pts: 60
  1457 | grp 0
  1458 | 0 1: 10
  1459 | 0 2: 10
  1460 | 0 3: -10
  1461 | 1 2: 10
  1462 | 1 3: -10
  1463 | 2 3: -10
  1464 | grp 1
  1465 | 0 1: 10
  1466 | grp 2
  1467 | ([0, 2, 4, 5], [1, 3], [])
  1468 | pts: 10
  1469 | grp 0
  1470 | 0 1: 10
  1471 | 0 2: 10
  1472 | 1 2: 10
  1473 | grp 1
  1474 | grp 2
  1475 | 0 1: 10
  1476 | ([0, 2, 3], [1], [4, 5])
  1477 | pts: 40
  1478 | grp 0
  1479 | 0 1: 10
  1480 | 0 2: 10
  1481 | 1 2: 10
  1482 | grp 1
  1483 | 0 1: 10
  1484 | grp 2
  1485 | ([0, 2, 3], [1, 5], [4])
  1486 | pts: 40
  1487 | grp 0
  1488 | 0 1: 10
  1489 | 0 2: 10
  1490 | 0 3: -10
  1491 | 1 2: 10
  1492 | 1 3: -10
  1493 | 2 3: -10
  1494 | grp 1
  1495 | grp 2
  1496 | ([0, 2, 3, 5], [1], [4])
  1497 | pts: 0
  1498 | grp 0
  1499 | 0 1: 10
  1500 | 0 2: 10
  1501 | 1 2: 10
  1502 | grp 1
  1503 | 0 1: 10
  1504 | grp 2
  1505 | ([0, 2, 3], [1, 4], [5])
  1506 | pts: 40
  1507 | grp 0
  1508 | 0 1: 10
  1509 | 0 2: 10
  1510 | 1 2: 10
  1511 | grp 1
  1512 | 0 1: 10
  1513 | 0 2: 10
  1514 | 1 2: 10
  1515 | grp 2
  1516 | ([0, 2, 3], [1, 4, 5], [])
  1517 | pts: 60
  1518 | grp 0
  1519 | 0 1: 10
  1520 | 0 2: 10
  1521 | 0 3: -10
  1522 | 1 2: 10
  1523 | 1 3: -10
  1524 | 2 3: -10
  1525 | grp 1
  1526 | 0 1: 10
  1527 | grp 2
  1528 | ([0, 2, 3, 5], [1, 4], [])
  1529 | pts: 10
  1530 | grp 0
  1531 | 0 1: 10
  1532 | 0 2: 10
  1533 | 0 3: -10
  1534 | 1 2: 10
  1535 | 1 3: -10
  1536 | 2 3: -10
  1537 | grp 1
  1538 | grp 2
  1539 | ([0, 2, 3, 4], [1], [5])
  1540 | pts: 0
  1541 | grp 0
  1542 | 0 1: 10
  1543 | 0 2: 10
  1544 | 0 3: -10
  1545 | 1 2: 10
  1546 | 1 3: -10
  1547 | 2 3: -10
  1548 | grp 1
  1549 | 0 1: 10
  1550 | grp 2
  1551 | ([0, 2, 3, 4], [1, 5], [])
  1552 | pts: 10
  1553 | grp 0
  1554 | 0 1: 10
  1555 | 0 2: 10
  1556 | 0 3: -10
  1557 | 0 4: -10
  1558 | 1 2: 10
  1559 | 1 3: -10
  1560 | 1 4: -10
  1561 | 2 3: -10
  1562 | 2 4: -10
  1563 | 3 4: 10
  1564 | grp 1
  1565 | grp 2
  1566 | ([0, 2, 3, 4, 5], [1], [])
  1567 | pts: -20
  1568 | grp 0
  1569 | 0 1: 10
  1570 | grp 1
  1571 | grp 2
  1572 | 0 1: 10
  1573 | 0 2: 10
  1574 | 0 3: -10
  1575 | 1 2: 10
  1576 | 1 3: -10
  1577 | 2 3: -10
  1578 | ([0, 1], [], [2, 3, 4, 5])
  1579 | pts: 10
  1580 | grp 0
  1581 | 0 1: 10
  1582 | grp 1
  1583 | grp 2
  1584 | 0 1: 10
  1585 | 0 2: 10
  1586 | 1 2: 10
  1587 | ([0, 1], [5], [2, 3, 4])
  1588 | pts: 40
  1589 | grp 0
  1590 | 0 1: 10
  1591 | 0 2: 10
  1592 | 1 2: 10
  1593 | grp 1
  1594 | grp 2
  1595 | 0 1: 10
  1596 | 0 2: 10
  1597 | 1 2: 10
  1598 | ([0, 1, 5], [], [2, 3, 4])
  1599 | pts: 60
  1600 | grp 0
  1601 | 0 1: 10
  1602 | grp 1
  1603 | grp 2
  1604 | 0 1: 10
  1605 | 0 2: 10
  1606 | 1 2: 10
  1607 | ([0, 1], [4], [2, 3, 5])
  1608 | pts: 40
  1609 | grp 0
  1610 | 0 1: 10
  1611 | grp 1
  1612 | 0 1: 10
  1613 | grp 2
  1614 | 0 1: 10
  1615 | ([0, 1], [4, 5], [2, 3])
  1616 | pts: 30
  1617 | grp 0
  1618 | 0 1: 10
  1619 | 0 2: 10
  1620 | 1 2: 10
  1621 | grp 1
  1622 | grp 2
  1623 | 0 1: 10
  1624 | ([0, 1, 5], [4], [2, 3])
  1625 | pts: 40
  1626 | grp 0
  1627 | 0 1: 10
  1628 | 0 2: 10
  1629 | 1 2: 10
  1630 | grp 1
  1631 | grp 2
  1632 | 0 1: 10
  1633 | 0 2: 10
  1634 | 1 2: 10
  1635 | ([0, 1, 4], [], [2, 3, 5])
  1636 | pts: 60
  1637 | grp 0
  1638 | 0 1: 10
  1639 | 0 2: 10
  1640 | 1 2: 10
  1641 | grp 1
  1642 | grp 2
  1643 | 0 1: 10
  1644 | ([0, 1, 4], [5], [2, 3])
  1645 | pts: 40
  1646 | grp 0
  1647 | 0 1: 10
  1648 | 0 2: 10
  1649 | 0 3: -10
  1650 | 1 2: 10
  1651 | 1 3: -10
  1652 | 2 3: -10
  1653 | grp 1
  1654 | grp 2
  1655 | 0 1: 10
  1656 | ([0, 1, 4, 5], [], [2, 3])
  1657 | pts: 10
  1658 | grp 0
  1659 | 0 1: 10
  1660 | grp 1
  1661 | grp 2
  1662 | 0 1: 10
  1663 | 0 2: 10
  1664 | 1 2: 10
  1665 | ([0, 1], [3], [2, 4, 5])
  1666 | pts: 40
  1667 | grp 0
  1668 | 0 1: 10
  1669 | grp 1
  1670 | 0 1: 10
  1671 | grp 2
  1672 | 0 1: 10
  1673 | ([0, 1], [3, 5], [2, 4])
  1674 | pts: 30
  1675 | grp 0
  1676 | 0 1: 10
  1677 | 0 2: 10
  1678 | 1 2: 10
  1679 | grp 1
  1680 | grp 2
  1681 | 0 1: 10
  1682 | ([0, 1, 5], [3], [2, 4])
  1683 | pts: 40
  1684 | grp 0
  1685 | 0 1: 10
  1686 | grp 1
  1687 | 0 1: 10
  1688 | grp 2
  1689 | 0 1: 10
  1690 | ([0, 1], [3, 4], [2, 5])
  1691 | pts: 30
  1692 | grp 0
  1693 | 0 1: 10
  1694 | grp 1
  1695 | 0 1: 10
  1696 | 0 2: 10
  1697 | 1 2: 10
  1698 | grp 2
  1699 | ([0, 1], [3, 4, 5], [2])
  1700 | pts: 40
  1701 | grp 0
  1702 | 0 1: 10
  1703 | 0 2: 10
  1704 | 1 2: 10
  1705 | grp 1
  1706 | 0 1: 10
  1707 | grp 2
  1708 | ([0, 1, 5], [3, 4], [2])
  1709 | pts: 40
  1710 | grp 0
  1711 | 0 1: 10
  1712 | 0 2: 10
  1713 | 1 2: 10
  1714 | grp 1
  1715 | grp 2
  1716 | 0 1: 10
  1717 | ([0, 1, 4], [3], [2, 5])
  1718 | pts: 40
  1719 | grp 0
  1720 | 0 1: 10
  1721 | 0 2: 10
  1722 | 1 2: 10
  1723 | grp 1
  1724 | 0 1: 10
  1725 | grp 2
  1726 | ([0, 1, 4], [3, 5], [2])
  1727 | pts: 40
  1728 | grp 0
  1729 | 0 1: 10
  1730 | 0 2: 10
  1731 | 0 3: -10
  1732 | 1 2: 10
  1733 | 1 3: -10
  1734 | 2 3: -10
  1735 | grp 1
  1736 | grp 2
  1737 | ([0, 1, 4, 5], [3], [2])
  1738 | pts: 0
  1739 | grp 0
  1740 | 0 1: 10
  1741 | 0 2: 10
  1742 | 1 2: 10
  1743 | grp 1
  1744 | grp 2
  1745 | 0 1: 10
  1746 | 0 2: 10
  1747 | 1 2: 10
  1748 | ([0, 1, 3], [], [2, 4, 5])
  1749 | pts: 60
  1750 | grp 0
  1751 | 0 1: 10
  1752 | 0 2: 10
  1753 | 1 2: 10
  1754 | grp 1
  1755 | grp 2
  1756 | 0 1: 10
  1757 | ([0, 1, 3], [5], [2, 4])
  1758 | pts: 40
  1759 | grp 0
  1760 | 0 1: 10
  1761 | 0 2: 10
  1762 | 0 3: -10
  1763 | 1 2: 10
  1764 | 1 3: -10
  1765 | 2 3: -10
  1766 | grp 1
  1767 | grp 2
  1768 | 0 1: 10
  1769 | ([0, 1, 3, 5], [], [2, 4])
  1770 | pts: 10
  1771 | grp 0
  1772 | 0 1: 10
  1773 | 0 2: 10
  1774 | 1 2: 10
  1775 | grp 1
  1776 | grp 2
  1777 | 0 1: 10
  1778 | ([0, 1, 3], [4], [2, 5])
  1779 | pts: 40
  1780 | grp 0
  1781 | 0 1: 10
  1782 | 0 2: 10
  1783 | 1 2: 10
  1784 | grp 1
  1785 | 0 1: 10
  1786 | grp 2
  1787 | ([0, 1, 3], [4, 5], [2])
  1788 | pts: 40
  1789 | grp 0
  1790 | 0 1: 10
  1791 | 0 2: 10
  1792 | 0 3: -10
  1793 | 1 2: 10
  1794 | 1 3: -10
  1795 | 2 3: -10
  1796 | grp 1
  1797 | grp 2
  1798 | ([0, 1, 3, 5], [4], [2])
  1799 | pts: 0
  1800 | grp 0
  1801 | 0 1: 10
  1802 | 0 2: 10
  1803 | 0 3: -10
  1804 | 1 2: 10
  1805 | 1 3: -10
  1806 | 2 3: -10
  1807 | grp 1
  1808 | grp 2
  1809 | 0 1: 10
  1810 | ([0, 1, 3, 4], [], [2, 5])
  1811 | pts: 10
  1812 | grp 0
  1813 | 0 1: 10
  1814 | 0 2: 10
  1815 | 0 3: -10
  1816 | 1 2: 10
  1817 | 1 3: -10
  1818 | 2 3: -10
  1819 | grp 1
  1820 | grp 2
  1821 | ([0, 1, 3, 4], [5], [2])
  1822 | pts: 0
  1823 | grp 0
  1824 | 0 1: 10
  1825 | 0 2: 10
  1826 | 0 3: -10
  1827 | 0 4: -10
  1828 | 1 2: 10
  1829 | 1 3: -10
  1830 | 1 4: -10
  1831 | 2 3: -10
  1832 | 2 4: -10
  1833 | 3 4: 10
  1834 | grp 1
  1835 | grp 2
  1836 | ([0, 1, 3, 4, 5], [], [2])
  1837 | pts: -20
  1838 | grp 0
  1839 | 0 1: 10
  1840 | grp 1
  1841 | grp 2
  1842 | 0 1: 10
  1843 | 0 2: 10
  1844 | 1 2: 10
  1845 | ([0, 1], [2], [3, 4, 5])
  1846 | pts: 40
  1847 | grp 0
  1848 | 0 1: 10
  1849 | grp 1
  1850 | 0 1: 10
  1851 | grp 2
  1852 | 0 1: 10
  1853 | ([0, 1], [2, 5], [3, 4])
  1854 | pts: 30
  1855 | grp 0
  1856 | 0 1: 10
  1857 | 0 2: 10
  1858 | 1 2: 10
  1859 | grp 1
  1860 | grp 2
  1861 | 0 1: 10
  1862 | ([0, 1, 5], [2], [3, 4])
  1863 | pts: 40
  1864 | grp 0
  1865 | 0 1: 10
  1866 | grp 1
  1867 | 0 1: 10
  1868 | grp 2
  1869 | 0 1: 10
  1870 | ([0, 1], [2, 4], [3, 5])
  1871 | pts: 30
  1872 | grp 0
  1873 | 0 1: 10
  1874 | grp 1
  1875 | 0 1: 10
  1876 | 0 2: 10
  1877 | 1 2: 10
  1878 | grp 2
  1879 | ([0, 1], [2, 4, 5], [3])
  1880 | pts: 40
  1881 | grp 0
  1882 | 0 1: 10
  1883 | 0 2: 10
  1884 | 1 2: 10
  1885 | grp 1
  1886 | 0 1: 10
  1887 | grp 2
  1888 | ([0, 1, 5], [2, 4], [3])
  1889 | pts: 40
  1890 | grp 0
  1891 | 0 1: 10
  1892 | 0 2: 10
  1893 | 1 2: 10
  1894 | grp 1
  1895 | grp 2
  1896 | 0 1: 10
  1897 | ([0, 1, 4], [2], [3, 5])
  1898 | pts: 40
  1899 | grp 0
  1900 | 0 1: 10
  1901 | 0 2: 10
  1902 | 1 2: 10
  1903 | grp 1
  1904 | 0 1: 10
  1905 | grp 2
  1906 | ([0, 1, 4], [2, 5], [3])
  1907 | pts: 40
  1908 | grp 0
  1909 | 0 1: 10
  1910 | 0 2: 10
  1911 | 0 3: -10
  1912 | 1 2: 10
  1913 | 1 3: -10
  1914 | 2 3: -10
  1915 | grp 1
  1916 | grp 2
  1917 | ([0, 1, 4, 5], [2], [3])
  1918 | pts: 0
  1919 | grp 0
  1920 | 0 1: 10
  1921 | grp 1
  1922 | 0 1: 10
  1923 | grp 2
  1924 | 0 1: 10
  1925 | ([0, 1], [2, 3], [4, 5])
  1926 | pts: 30
  1927 | grp 0
  1928 | 0 1: 10
  1929 | grp 1
  1930 | 0 1: 10
  1931 | 0 2: 10
  1932 | 1 2: 10
  1933 | grp 2
  1934 | ([0, 1], [2, 3, 5], [4])
  1935 | pts: 40
  1936 | grp 0
  1937 | 0 1: 10
  1938 | 0 2: 10
  1939 | 1 2: 10
  1940 | grp 1
  1941 | 0 1: 10
  1942 | grp 2
  1943 | ([0, 1, 5], [2, 3], [4])
  1944 | pts: 40
  1945 | grp 0
  1946 | 0 1: 10
  1947 | grp 1
  1948 | 0 1: 10
  1949 | 0 2: 10
  1950 | 1 2: 10
  1951 | grp 2
  1952 | ([0, 1], [2, 3, 4], [5])
  1953 | pts: 40
  1954 | grp 0
  1955 | 0 1: 10
  1956 | grp 1
  1957 | 0 1: 10
  1958 | 0 2: 10
  1959 | 0 3: -10
  1960 | 1 2: 10
  1961 | 1 3: -10
  1962 | 2 3: -10
  1963 | grp 2
  1964 | ([0, 1], [2, 3, 4, 5], [])
  1965 | pts: 10
  1966 | grp 0
  1967 | 0 1: 10
  1968 | 0 2: 10
  1969 | 1 2: 10
  1970 | grp 1
  1971 | 0 1: 10
  1972 | 0 2: 10
  1973 | 1 2: 10
  1974 | grp 2
  1975 | ([0, 1, 5], [2, 3, 4], [])
  1976 | pts: 60
  1977 | grp 0
  1978 | 0 1: 10
  1979 | 0 2: 10
  1980 | 1 2: 10
  1981 | grp 1
  1982 | 0 1: 10
  1983 | grp 2
  1984 | ([0, 1, 4], [2, 3], [5])
  1985 | pts: 40
  1986 | grp 0
  1987 | 0 1: 10
  1988 | 0 2: 10
  1989 | 1 2: 10
  1990 | grp 1
  1991 | 0 1: 10
  1992 | 0 2: 10
  1993 | 1 2: 10
  1994 | grp 2
  1995 | ([0, 1, 4], [2, 3, 5], [])
  1996 | pts: 60
  1997 | grp 0
  1998 | 0 1: 10
  1999 | 0 2: 10
  2000 | 0 3: -10
  2001 | 1 2: 10
  2002 | 1 3: -10
  2003 | 2 3: -10
  2004 | grp 1
  2005 | 0 1: 10
  2006 | grp 2
  2007 | ([0, 1, 4, 5], [2, 3], [])
  2008 | pts: 10
  2009 | grp 0
  2010 | 0 1: 10
  2011 | 0 2: 10
  2012 | 1 2: 10
  2013 | grp 1
  2014 | grp 2
  2015 | 0 1: 10
  2016 | ([0, 1, 3], [2], [4, 5])
  2017 | pts: 40
  2018 | grp 0
  2019 | 0 1: 10
  2020 | 0 2: 10
  2021 | 1 2: 10
  2022 | grp 1
  2023 | 0 1: 10
  2024 | grp 2
  2025 | ([0, 1, 3], [2, 5], [4])
  2026 | pts: 40
  2027 | grp 0
  2028 | 0 1: 10
  2029 | 0 2: 10
  2030 | 0 3: -10
  2031 | 1 2: 10
  2032 | 1 3: -10
  2033 | 2 3: -10
  2034 | grp 1
  2035 | grp 2
  2036 | ([0, 1, 3, 5], [2], [4])
  2037 | pts: 0
  2038 | grp 0
  2039 | 0 1: 10
  2040 | 0 2: 10
  2041 | 1 2: 10
  2042 | grp 1
  2043 | 0 1: 10
  2044 | grp 2
  2045 | ([0, 1, 3], [2, 4], [5])
  2046 | pts: 40
  2047 | grp 0
  2048 | 0 1: 10
  2049 | 0 2: 10
  2050 | 1 2: 10
  2051 | grp 1
  2052 | 0 1: 10
  2053 | 0 2: 10
  2054 | 1 2: 10
  2055 | grp 2
  2056 | ([0, 1, 3], [2, 4, 5], [])
  2057 | pts: 60
  2058 | grp 0
  2059 | 0 1: 10
  2060 | 0 2: 10
  2061 | 0 3: -10
  2062 | 1 2: 10
  2063 | 1 3: -10
  2064 | 2 3: -10
  2065 | grp 1
  2066 | 0 1: 10
  2067 | grp 2
  2068 | ([0, 1, 3, 5], [2, 4], [])
  2069 | pts: 10
  2070 | grp 0
  2071 | 0 1: 10
  2072 | 0 2: 10
  2073 | 0 3: -10
  2074 | 1 2: 10
  2075 | 1 3: -10
  2076 | 2 3: -10
  2077 | grp 1
  2078 | grp 2
  2079 | ([0, 1, 3, 4], [2], [5])
  2080 | pts: 0
  2081 | grp 0
  2082 | 0 1: 10
  2083 | 0 2: 10
  2084 | 0 3: -10
  2085 | 1 2: 10
  2086 | 1 3: -10
  2087 | 2 3: -10
  2088 | grp 1
  2089 | 0 1: 10
  2090 | grp 2
  2091 | ([0, 1, 3, 4], [2, 5], [])
  2092 | pts: 10
  2093 | grp 0
  2094 | 0 1: 10
  2095 | 0 2: 10
  2096 | 0 3: -10
  2097 | 0 4: -10
  2098 | 1 2: 10
  2099 | 1 3: -10
  2100 | 1 4: -10
  2101 | 2 3: -10
  2102 | 2 4: -10
  2103 | 3 4: 10
  2104 | grp 1
  2105 | grp 2
  2106 | ([0, 1, 3, 4, 5], [2], [])
  2107 | pts: -20
  2108 | grp 0
  2109 | 0 1: 10
  2110 | 0 2: 10
  2111 | 1 2: 10
  2112 | grp 1
  2113 | grp 2
  2114 | 0 1: 10
  2115 | 0 2: 10
  2116 | 1 2: 10
  2117 | ([0, 1, 2], [], [3, 4, 5])
  2118 | pts: 60
  2119 | grp 0
  2120 | 0 1: 10
  2121 | 0 2: 10
  2122 | 1 2: 10
  2123 | grp 1
  2124 | grp 2
  2125 | 0 1: 10
  2126 | ([0, 1, 2], [5], [3, 4])
  2127 | pts: 40
  2128 | grp 0
  2129 | 0 1: 10
  2130 | 0 2: 10
  2131 | 0 3: -10
  2132 | 1 2: 10
  2133 | 1 3: -10
  2134 | 2 3: -10
  2135 | grp 1
  2136 | grp 2
  2137 | 0 1: 10
  2138 | ([0, 1, 2, 5], [], [3, 4])
  2139 | pts: 10
  2140 | grp 0
  2141 | 0 1: 10
  2142 | 0 2: 10
  2143 | 1 2: 10
  2144 | grp 1
  2145 | grp 2
  2146 | 0 1: 10
  2147 | ([0, 1, 2], [4], [3, 5])
  2148 | pts: 40
  2149 | grp 0
  2150 | 0 1: 10
  2151 | 0 2: 10
  2152 | 1 2: 10
  2153 | grp 1
  2154 | 0 1: 10
  2155 | grp 2
  2156 | ([0, 1, 2], [4, 5], [3])
  2157 | pts: 40
  2158 | grp 0
  2159 | 0 1: 10
  2160 | 0 2: 10
  2161 | 0 3: -10
  2162 | 1 2: 10
  2163 | 1 3: -10
  2164 | 2 3: -10
  2165 | grp 1
  2166 | grp 2
  2167 | ([0, 1, 2, 5], [4], [3])
  2168 | pts: 0
  2169 | grp 0
  2170 | 0 1: 10
  2171 | 0 2: 10
  2172 | 0 3: -10
  2173 | 1 2: 10
  2174 | 1 3: -10
  2175 | 2 3: -10
  2176 | grp 1
  2177 | grp 2
  2178 | 0 1: 10
  2179 | ([0, 1, 2, 4], [], [3, 5])
  2180 | pts: 10
  2181 | grp 0
  2182 | 0 1: 10
  2183 | 0 2: 10
  2184 | 0 3: -10
  2185 | 1 2: 10
  2186 | 1 3: -10
  2187 | 2 3: -10
  2188 | grp 1
  2189 | grp 2
  2190 | ([0, 1, 2, 4], [5], [3])
  2191 | pts: 0
  2192 | grp 0
  2193 | 0 1: 10
  2194 | 0 2: 10
  2195 | 0 3: -10
  2196 | 0 4: -10
  2197 | 1 2: 10
  2198 | 1 3: -10
  2199 | 1 4: -10
  2200 | 2 3: -10
  2201 | 2 4: -10
  2202 | 3 4: 10
  2203 | grp 1
  2204 | grp 2
  2205 | ([0, 1, 2, 4, 5], [], [3])
  2206 | pts: -20
  2207 | grp 0
  2208 | 0 1: 10
  2209 | 0 2: 10
  2210 | 1 2: 10
  2211 | grp 1
  2212 | grp 2
  2213 | 0 1: 10
  2214 | ([0, 1, 2], [3], [4, 5])
  2215 | pts: 40
  2216 | grp 0
  2217 | 0 1: 10
  2218 | 0 2: 10
  2219 | 1 2: 10
  2220 | grp 1
  2221 | 0 1: 10
  2222 | grp 2
  2223 | ([0, 1, 2], [3, 5], [4])
  2224 | pts: 40
  2225 | grp 0
  2226 | 0 1: 10
  2227 | 0 2: 10
  2228 | 0 3: -10
  2229 | 1 2: 10
  2230 | 1 3: -10
  2231 | 2 3: -10
  2232 | grp 1
  2233 | grp 2
  2234 | ([0, 1, 2, 5], [3], [4])
  2235 | pts: 0
  2236 | grp 0
  2237 | 0 1: 10
  2238 | 0 2: 10
  2239 | 1 2: 10
  2240 | grp 1
  2241 | 0 1: 10
  2242 | grp 2
  2243 | ([0, 1, 2], [3, 4], [5])
  2244 | pts: 40
  2245 | grp 0
  2246 | 0 1: 10
  2247 | 0 2: 10
  2248 | 1 2: 10
  2249 | grp 1
  2250 | 0 1: 10
  2251 | 0 2: 10
  2252 | 1 2: 10
  2253 | grp 2
  2254 | ([0, 1, 2], [3, 4, 5], [])
  2255 | pts: 60
  2256 | grp 0
  2257 | 0 1: 10
  2258 | 0 2: 10
  2259 | 0 3: -10
  2260 | 1 2: 10
  2261 | 1 3: -10
  2262 | 2 3: -10
  2263 | grp 1
  2264 | 0 1: 10
  2265 | grp 2
  2266 | ([0, 1, 2, 5], [3, 4], [])
  2267 | pts: 10
  2268 | grp 0
  2269 | 0 1: 10
  2270 | 0 2: 10
  2271 | 0 3: -10
  2272 | 1 2: 10
  2273 | 1 3: -10
  2274 | 2 3: -10
  2275 | grp 1
  2276 | grp 2
  2277 | ([0, 1, 2, 4], [3], [5])
  2278 | pts: 0
  2279 | grp 0
  2280 | 0 1: 10
  2281 | 0 2: 10
  2282 | 0 3: -10
  2283 | 1 2: 10
  2284 | 1 3: -10
  2285 | 2 3: -10
  2286 | grp 1
  2287 | 0 1: 10
  2288 | grp 2
  2289 | ([0, 1, 2, 4], [3, 5], [])
  2290 | pts: 10
  2291 | grp 0
  2292 | 0 1: 10
  2293 | 0 2: 10
  2294 | 0 3: -10
  2295 | 0 4: -10
  2296 | 1 2: 10
  2297 | 1 3: -10
  2298 | 1 4: -10
  2299 | 2 3: -10
  2300 | 2 4: -10
  2301 | 3 4: 10
  2302 | grp 1
  2303 | grp 2
  2304 | ([0, 1, 2, 4, 5], [3], [])
  2305 | pts: -20
  2306 | grp 0
  2307 | 0 1: 10
  2308 | 0 2: 10
  2309 | 0 3: -10
  2310 | 1 2: 10
  2311 | 1 3: -10
  2312 | 2 3: -10
  2313 | grp 1
  2314 | grp 2
  2315 | 0 1: 10
  2316 | ([0, 1, 2, 3], [], [4, 5])
  2317 | pts: 10
  2318 | grp 0
  2319 | 0 1: 10
  2320 | 0 2: 10
  2321 | 0 3: -10
  2322 | 1 2: 10
  2323 | 1 3: -10
  2324 | 2 3: -10
  2325 | grp 1
  2326 | grp 2
  2327 | ([0, 1, 2, 3], [5], [4])
  2328 | pts: 0
  2329 | grp 0
  2330 | 0 1: 10
  2331 | 0 2: 10
  2332 | 0 3: -10
  2333 | 0 4: -10
  2334 | 1 2: 10
  2335 | 1 3: -10
  2336 | 1 4: -10
  2337 | 2 3: -10
  2338 | 2 4: -10
  2339 | 3 4: 10
  2340 | grp 1
  2341 | grp 2
  2342 | ([0, 1, 2, 3, 5], [], [4])
  2343 | pts: -20
  2344 | grp 0
  2345 | 0 1: 10
  2346 | 0 2: 10
  2347 | 0 3: -10
  2348 | 1 2: 10
  2349 | 1 3: -10
  2350 | 2 3: -10
  2351 | grp 1
  2352 | grp 2
  2353 | ([0, 1, 2, 3], [4], [5])
  2354 | pts: 0
  2355 | grp 0
  2356 | 0 1: 10
  2357 | 0 2: 10
  2358 | 0 3: -10
  2359 | 1 2: 10
  2360 | 1 3: -10
  2361 | 2 3: -10
  2362 | grp 1
  2363 | 0 1: 10
  2364 | grp 2
  2365 | ([0, 1, 2, 3], [4, 5], [])
  2366 | pts: 10
  2367 | grp 0
  2368 | 0 1: 10
  2369 | 0 2: 10
  2370 | 0 3: -10
  2371 | 0 4: -10
  2372 | 1 2: 10
  2373 | 1 3: -10
  2374 | 1 4: -10
  2375 | 2 3: -10
  2376 | 2 4: -10
  2377 | 3 4: 10
  2378 | grp 1
  2379 | grp 2
  2380 | ([0, 1, 2, 3, 5], [4], [])
  2381 | pts: -20
  2382 | grp 0
  2383 | 0 1: 10
  2384 | 0 2: 10
  2385 | 0 3: -10
  2386 | 0 4: -10
  2387 | 1 2: 10
  2388 | 1 3: -10
  2389 | 1 4: -10
  2390 | 2 3: -10
  2391 | 2 4: -10
  2392 | 3 4: 10
  2393 | grp 1
  2394 | grp 2
  2395 | ([0, 1, 2, 3, 4], [], [5])
  2396 | pts: -20
  2397 | grp 0
  2398 | 0 1: 10
  2399 | 0 2: 10
  2400 | 0 3: -10
  2401 | 0 4: -10
  2402 | 1 2: 10
  2403 | 1 3: -10
  2404 | 1 4: -10
  2405 | 2 3: -10
  2406 | 2 4: -10
  2407 | 3 4: 10
  2408 | grp 1
  2409 | grp 2
  2410 | ([0, 1, 2, 3, 4], [5], [])
  2411 | pts: -20
  2412 | grp 0
  2413 | 0 1: 10
  2414 | 0 2: 10
  2415 | 0 3: -10
  2416 | 0 4: -10
  2417 | 0 5: -10
  2418 | 1 2: 10
  2419 | 1 3: -10
  2420 | 1 4: -10
  2421 | 1 5: -10
  2422 | 2 3: -10
  2423 | 2 4: -10
  2424 | 2 5: -10
  2425 | 3 4: 10
  2426 | 3 5: -10
  2427 | 4 5: -10
  2428 | grp 1
  2429 | grp 2
  2430 | ([0, 1, 2, 3, 4, 5], [], [])
  2431 | pts: -70
  2432 | 60

test result: FAILED. 0 passed; 1 failed

